image: li999.pgm
resolution: 0.05
origin: [-7.83862, -2.61683, 0.0]
negate: 0
occupied_thresh: 0.65
free_thresh: 0.196
