image: map.pgm
resolution: 0.05
origin: [-1.123495, -2.431144, 0.000000]
negate: 0
occupied_thresh: 0.65
free_thresh: 0.196

